"","a1","a2","a3","a4","a5","a6","b1","b2","b3","b4","b5","b6","b7","b8","b9","c1","c2","c3","c4","c5","c6","c7","c8","c9"
"a1",1,0.149870273965105,-0.252729345713829,-0.251660619255181,0.228727059999815,0.0918297854973128,0.183904612682633,0.0460046276652709,-0.00683522249033636,0.131654248905108,0.230840657398788,0.135480748979029,0.14379850402368,0.118579911850864,0.20952953081407,0.143284060153127,0.0835914722858604,0.337779929478579,0.254755558245529,0.0313021972128338,0.372621483308271,0.105747903123498,0.208226242279807,0.0772210615034515
"a2",0.149870273965105,1,-0.580689104521744,-0.662820164962135,0.515195504689769,0.457816215726277,0.526228362972525,0.446922026634832,0.515096872386228,0.510495393669199,0.374838114249406,0.358139137564101,0.362861028223729,0.476766974634864,0.365198759049015,-0.0595348729840874,0.0487108497033837,0.0484148587318915,0.208511708957325,-0.0653657453883706,0.110895534619369,0.213364165379247,0.0371079909274135,-0.00880025776919207
"a3",-0.252729345713829,-0.580689104521744,1,0.680779597896584,-0.3313258700395,-0.285346552614287,-0.386512434355469,-0.344060045064704,-0.309133218381106,-0.270141861498959,-0.320468720137129,-0.258384457526241,-0.313775022614347,-0.434655390867439,-0.291212216342092,-0.061482141232816,-0.106322827362824,-0.230016101979012,-0.248269142227177,0.0767759665711594,-0.226416923079766,-0.134444853977834,0.0114082656165412,-0.011695652051783
"a4",-0.251660619255181,-0.662820164962135,0.680779597896584,1,-0.361834548076062,-0.297586158130209,-0.325494395069192,-0.37503218051408,-0.296268880896512,-0.323437470559019,-0.332004154395065,-0.368070867342215,-0.31005424274016,-0.409298876511738,-0.3388362092986,-0.047087481368607,-0.0766009604648968,-0.146461660804177,-0.207872971911188,0.0426169498227475,-0.144724866499018,-0.188271626037956,-0.00663696998143694,0.0130639917446746
"a5",0.228727059999815,0.515195504689769,-0.3313258700395,-0.361834548076062,1,0.537086328754841,0.653698774895455,0.323812613070798,0.523908747563023,0.408126855759219,0.512683808460672,0.291232178882057,0.536249304704957,0.581394641631253,0.52993786395671,0.0807441466865296,0.138318537178356,0.177418945957205,0.247314136354685,-0.0206416835599312,0.256755291489995,0.370600317120411,0.154017643156379,0.200118685582401
"a6",0.0918297854973128,0.457816215726277,-0.285346552614287,-0.297586158130209,0.537086328754841,1,0.688372501193665,0.409364416420659,0.643288341056952,0.57867474566639,0.433712798073379,0.336543577132014,0.412323915587117,0.478575834353347,0.407168181533957,-0.0619723579348855,0.0895941863426816,0.0817350024238697,0.130658629751148,-0.0874157424988407,0.107659221023001,0.235111885789545,0.101781622710829,-0.06977139352327
"b1",0.183904612682633,0.526228362972525,-0.386512434355469,-0.325494395069192,0.653698774895455,0.688372501193665,1,0.58537896759405,0.713050566750346,0.594815594546131,0.62292856596282,0.373146772129605,0.513383715502999,0.545823464095559,0.520687253055262,0.059487452109841,0.103292424551653,0.187942227794559,0.286370238390953,0.0665911524980259,0.265834749234128,0.22975070460841,0.111870124881352,0.144291545906223
"b2",0.0460046276652709,0.446922026634832,-0.344060045064704,-0.37503218051408,0.323812613070798,0.409364416420659,0.58537896759405,1,0.637799889086294,0.551416081396783,0.478287822373961,0.381238460615879,0.274699286495131,0.427817813733415,0.406876036989664,0.101243515082577,0.00216430061752539,0.0399189260198177,0.184687417443878,0.0944431492507797,0.0419861780918205,-0.0145279601974076,-0.0796970326535165,0.0615188226290863
"b3",-0.00683522249033636,0.515096872386228,-0.309133218381106,-0.296268880896512,0.523908747563023,0.643288341056952,0.713050566750346,0.637799889086294,1,0.636590749602882,0.494198808455553,0.294712568118053,0.515403998945204,0.58683173545034,0.393702333994652,-0.0217219381543214,0.0849850251529718,0.126770066960156,0.143957959318926,0.0058364544659467,0.0728917062004542,0.133350782840593,-0.0579929476687179,0.126494844707125
"b4",0.131654248905108,0.510495393669199,-0.270141861498959,-0.323437470559019,0.408126855759219,0.57867474566639,0.594815594546131,0.551416081396783,0.636590749602882,1,0.473815342877275,0.366511628254053,0.294921123375783,0.410404986550641,0.369728061945694,-0.0361300109755185,0.0606200184985738,-0.0512578448236271,0.146687943023321,-0.040468251353413,-0.0244256800809077,0.0665257622833678,0.0802845148831567,-0.0371974998168756
"b5",0.230840657398788,0.374838114249406,-0.320468720137129,-0.332004154395065,0.512683808460672,0.433712798073379,0.62292856596282,0.478287822373961,0.494198808455553,0.473815342877275,1,0.442893821656297,0.628627829369263,0.44198510625487,0.541589459544194,0.0796544587096689,0.104359516096172,0.205707469524456,0.317068840218901,0.117808855947667,0.166895928686549,0.139594381657218,0.0338187525168653,0.17751389762948
"b6",0.135480748979029,0.358139137564101,-0.258384457526241,-0.368070867342215,0.291232178882057,0.336543577132014,0.373146772129605,0.381238460615879,0.294712568118053,0.366511628254053,0.442893821656297,1,0.519405754859913,0.440574972529274,0.431063339704131,0.108165113016169,0.0513290569309931,0.153964819978549,0.185707289155244,0.0740187842071047,0.104092995033573,0.04033176230735,-0.215115204115446,0.0792931906914819
"b7",0.14379850402368,0.362861028223729,-0.313775022614347,-0.31005424274016,0.536249304704957,0.412323915587117,0.513383715502999,0.274699286495131,0.515403998945204,0.294921123375783,0.628627829369263,0.519405754859913,1,0.608190947488993,0.457528201283417,0.131046668243485,0.245872287428137,0.299754189247368,0.280974016257423,0.132290158132488,0.239148302593723,0.11814981887589,-0.0107747491940153,0.272682761268058
"b8",0.118579911850864,0.476766974634864,-0.434655390867439,-0.409298876511738,0.581394641631253,0.478575834353347,0.545823464095559,0.427817813733415,0.58683173545034,0.410404986550641,0.44198510625487,0.440574972529274,0.608190947488993,1,0.459011456995509,0.0966633954857704,0.187614479355086,0.258134044707056,0.150039684196805,0.0457414520300284,0.18625179810054,0.22053981102916,0.00314681787885766,0.171074922425486
"b9",0.20952953081407,0.365198759049015,-0.291212216342092,-0.3388362092986,0.52993786395671,0.407168181533957,0.520687253055262,0.406876036989664,0.393702333994652,0.369728061945694,0.541589459544194,0.431063339704131,0.457528201283417,0.459011456995509,1,-0.0459011456995509,0.0232973687355277,0.160728511586955,0.0823207774748125,-0.0415432460226796,0.174232103378463,0.130988794521579,-0.0672854648321817,0.0367895774880352
"c1",0.143284060153127,-0.0595348729840874,-0.061482141232816,-0.047087481368607,0.0807441466865296,-0.0619723579348855,0.059487452109841,0.101243515082577,-0.0217219381543214,-0.0361300109755185,0.0796544587096689,0.108165113016169,0.131046668243485,0.0966633954857704,-0.0459011456995509,1,0.45367837596263,0.533449753245643,0.450559051664306,0.413893527106664,0.438671998157851,0.21453872773585,0.327269059401196,0.454233414715946
"c2",0.0835914722858604,0.0487108497033837,-0.106322827362824,-0.0766009604648968,0.138318537178356,0.0895941863426816,0.103292424551653,0.00216430061752539,0.0849850251529718,0.0606200184985738,0.104359516096172,0.0513290569309931,0.245872287428137,0.187614479355086,0.0232973687355277,0.45367837596263,1,0.591411938659163,0.431387240733313,0.434648493268946,0.464373039490087,0.200520531770386,0.293957916287582,0.459101042074629
"c3",0.337779929478579,0.0484148587318915,-0.230016101979012,-0.146461660804177,0.177418945957205,0.0817350024238697,0.187942227794559,0.0399189260198177,0.126770066960156,-0.0512578448236271,0.205707469524456,0.153964819978549,0.299754189247368,0.258134044707056,0.160728511586955,0.533449753245643,0.591411938659163,1,0.57299772645944,0.350254694916995,0.529184058621758,0.323958615528497,0.181400732934533,0.506577253891456
"c4",0.254755558245529,0.208511708957325,-0.248269142227177,-0.207872971911188,0.247314136354685,0.130658629751148,0.286370238390953,0.184687417443878,0.143957959318926,0.146687943023321,0.317068840218901,0.185707289155244,0.280974016257423,0.150039684196805,0.0823207774748125,0.450559051664306,0.431387240733313,0.57299772645944,1,0.344862963769526,0.297770807847572,0.38207088598324,0.459148568980395,0.304167032381265
"c5",0.0313021972128338,-0.0653657453883706,0.0767759665711594,0.0426169498227475,-0.0206416835599312,-0.0874157424988407,0.0665911524980259,0.0944431492507797,0.0058364544659467,-0.040468251353413,0.117808855947667,0.0740187842071047,0.132290158132488,0.0457414520300284,-0.0415432460226796,0.413893527106664,0.434648493268946,0.350254694916995,0.344862963769526,1,0.381497969360472,0.111342358781474,0.271379041802529,0.421786181123192
"c6",0.372621483308271,0.110895534619369,-0.226416923079766,-0.144724866499018,0.256755291489995,0.107659221023001,0.265834749234128,0.0419861780918205,0.0728917062004542,-0.0244256800809077,0.166895928686549,0.104092995033573,0.239148302593723,0.18625179810054,0.174232103378463,0.438671998157851,0.464373039490087,0.529184058621758,0.297770807847572,0.381497969360472,1,0.277244186979144,0.339032691818778,0.285792712013061
"c7",0.105747903123498,0.213364165379247,-0.134444853977834,-0.188271626037956,0.370600317120411,0.235111885789545,0.22975070460841,-0.0145279601974076,0.133350782840593,0.0665257622833678,0.139594381657218,0.04033176230735,0.11814981887589,0.22053981102916,0.130988794521579,0.21453872773585,0.200520531770386,0.323958615528497,0.38207088598324,0.111342358781474,0.277244186979144,1,0.471456396088689,0.054110737302959
"c8",0.208226242279807,0.0371079909274135,0.0114082656165412,-0.00663696998143694,0.154017643156379,0.101781622710829,0.111870124881352,-0.0796970326535165,-0.0579929476687179,0.0802845148831567,0.0338187525168653,-0.215115204115446,-0.0107747491940153,0.00314681787885766,-0.0672854648321817,0.327269059401196,0.293957916287582,0.181400732934533,0.459148568980395,0.271379041802529,0.339032691818778,0.471456396088689,1,0.0864741068576864
"c9",0.0772210615034515,-0.00880025776919207,-0.011695652051783,0.0130639917446746,0.200118685582401,-0.06977139352327,0.144291545906223,0.0615188226290863,0.126494844707125,-0.0371974998168756,0.17751389762948,0.0792931906914819,0.272682761268058,0.171074922425486,0.0367895774880352,0.454233414715946,0.459101042074629,0.506577253891456,0.304167032381265,0.421786181123192,0.285792712013061,0.054110737302959,0.0864741068576864,1
