"","a1","a2","a3","a4","a5","a6","b1","b2","b3","b4","b5","b6","b7","b8","b9","c1","c2","c3","c4","c5","c6","c7","c8","c9"
"a1",1,0.00120847855425458,0.0827967107363716,0.123199697779059,0.198628404256298,0.15066332078193,0.113399836771461,-0.116244741866079,0.220325688367009,0.139055141326127,0.0441393471806726,0.0726790232465927,0.310594002286067,0.168593370702639,0.185746665708153,-0.00662670298121631,0.0420852162504943,0.0157101022542658,-0.0296559479099268,0.341850023470461,0.419427954824861,0.114202531246792,0.177595359973694,0.32573073202818
"a2",0.00120847855425458,1,-0.36701088278637,-0.400044650526574,0.509105902388201,0.442806336154026,0.434952734367224,0.448159732426744,0.391101808470911,0.424077228380597,0.194693075987815,0.283973519897321,0.286768019705389,0.717583288681093,0.320247510165023,0.0527502007225211,0.159527984979285,-0.0795812905813192,0.064637860267209,0.0931212905682796,0.299806179728958,0.0577193966986625,-0.00988603602173263,0.251405436041101
"a3",0.0827967107363716,-0.36701088278637,1,0.507430581340526,-0.274243957175889,-0.234498796795234,-0.327002311648034,-0.280405464419457,-0.319565221364578,-0.305523472095399,-0.287112672445359,-0.0577810878015664,-0.1966132265305,-0.286451221678596,-0.358223279093468,-0.0273953895688143,-0.173984090963206,-0.256608712367661,-0.176827458612946,-0.208741051421268,-0.198166069285748,-0.24211466400672,-0.116507589321785,0.0312001925731749
"a4",0.123199697779059,-0.400044650526574,0.507430581340526,1,-0.524431966660785,-0.139305485520789,-0.330207324801907,-0.194046902324504,-0.562942083121034,-0.353138879610711,-0.375516648977924,-0.124941548999071,-0.446064230778149,-0.450783930017345,-0.410087551623144,-0.120326706905436,-0.176348589888023,-0.253344348751902,-0.0552295774214151,-0.219677920788575,-0.200859208958274,-0.0886185007525507,0.0156120257990304,-0.0237532978217861
"a5",0.198628404256298,0.509105902388201,-0.274243957175889,-0.524431966660785,1,0.443250276241452,0.721869580784594,0.49670775771953,0.721036176731146,0.518480825123604,0.444360368891674,0.424205008784507,0.690854863148664,0.790261409193611,0.64948833452191,0.21355044892409,0.295904182012533,0.241837955879084,0.169416895748801,0.370893413270448,0.428311226009043,0.178436935569564,0.13607472891958,0.292028110067902
"a6",0.15066332078193,0.442806336154026,-0.234498796795234,-0.139305485520789,0.443250276241452,1,0.706182662562418,0.285903616575989,0.407759122328734,0.552180718552472,0.558877007260982,0.577716663141531,0.591037144886871,0.372720230788324,0.397822912542091,-0.0132323297668087,-0.189082306533604,-0.0969625556944828,-0.0592175752261383,-0.21282984472113,-0.167504384228249,0.114020920957624,0.224431063153453,-0.0156729031107337
"b1",0.113399836771461,0.434952734367224,-0.327002311648034,-0.330207324801907,0.721869580784594,0.706182662562418,1,0.476894650125158,0.524837768129885,0.651612289935232,0.561241778142282,0.770159577692765,0.697344868002783,0.618558585500728,0.671894465064099,0.131837886335699,0.0507444261102047,0.178231908935383,0.16537974936968,0.157508758905093,0.0866960600082708,0.183600241755777,0.172956283169393,0.238963077762764
"b2",-0.116244741866079,0.448159732426744,-0.280405464419457,-0.194046902324504,0.49670775771953,0.285903616575989,0.476894650125158,1,0.539073779150155,0.529508702537588,0.599515383683739,0.253567585514396,0.324706871351625,0.514057292796053,0.406043098794032,0.229836998649941,0.404213810799618,0.369604410512093,0.138461471580032,0.273959295666304,0.300535836902669,0.223437590917007,0.102715587686292,0.324579749610037
"b3",0.220325688367009,0.391101808470911,-0.319565221364578,-0.562942083121034,0.721036176731146,0.407759122328734,0.524837768129885,0.539073779150155,1,0.712754774852376,0.588439910548856,0.339248454773925,0.795144045477432,0.618695658177963,0.721119421276033,0.0469133496856491,0.297939785765562,0.27443583881356,-0.0187453142570804,0.289203433309694,0.375709278311883,0.0962488129386273,0.0502407908043095,0.178605181795163
"b4",0.139055141326127,0.424077228380597,-0.305523472095399,-0.353138879610711,0.518480825123604,0.552180718552472,0.651612289935232,0.529508702537588,0.712754774852376,1,0.632460035147145,0.623477801348916,0.628327566088412,0.398236665568601,0.723451404426134,-0.0551797253333531,0.0500626174321759,0.186880075486469,4.78097073616925e-21,0.123695483248639,0.178190001090181,0.226416706425863,0.206827175951178,0.140050894405798
"b5",0.0441393471806726,0.194693075987815,-0.287112672445359,-0.375516648977924,0.444360368891674,0.558877007260982,0.561241778142282,0.599515383683739,0.588439910548856,0.632460035147145,1,0.432755339193768,0.593741974778841,0.409239750612694,0.475117986122501,0.250219037528718,0.158910431540932,0.275029542677989,0.0513234801709533,0.161963312103107,0.2036219940525,0.50308962775406,0.459562408628058,-0.0543344052135362
"b6",0.0726790232465927,0.283973519897321,-0.0577810878015664,-0.124941548999071,0.424205008784507,0.577716663141531,0.770159577692765,0.253567585514396,0.339248454773925,0.623477801348916,0.432755339193768,1,0.688937808958456,0.354777311369721,0.606799787176142,-0.0522930674214116,-0.147602480923349,-0.0525944260160909,0.0195019112809629,-0.0581238193719096,0.0315220668662931,0.233645068052617,0.287477332912431,0.0481740081092278
"b7",0.310594002286067,0.286768019705389,-0.1966132265305,-0.446064230778149,0.690854863148664,0.591037144886871,0.697344868002783,0.324706871351625,0.795144045477432,0.628327566088412,0.593741974778841,0.688937808958456,1,0.567110361692906,0.735624417912982,0.133571004347867,0.192793138290424,0.142628012359708,0.0101890826089048,0.204833184946244,0.274486723101859,0.156949159548543,0.246914910526052,0.15101564389931
"b8",0.168593370702639,0.717583288681093,-0.286451221678596,-0.450783930017345,0.790261409193611,0.372720230788324,0.618558585500728,0.514057292796053,0.618695658177963,0.398236665568601,0.409239750612694,0.354777311369721,0.567110361692906,1,0.581212811584378,0.168208371024932,0.381523796858258,0.129472756708319,0.084014432902946,0.329936197812887,0.467143007441649,0.17255062946872,0.0788107908753171,0.337984136277005
"b9",0.185746665708153,0.320247510165023,-0.358223279093468,-0.410087551623144,0.64948833452191,0.397822912542091,0.671894465064099,0.406043098794032,0.721119421276033,0.723451404426134,0.475117986122501,0.606799787176142,0.735624417912982,0.581212811584378,1,0.0597814499292208,0.261018448831937,0.346261127141527,0.125407072489482,0.293149267322508,0.310810810810811,0.279027355928169,0.217073209431412,0.24340095857521
"c1",-0.00662670298121631,0.0527502007225211,-0.0273953895688143,-0.120326706905436,0.21355044892409,-0.0132323297668087,0.131837886335699,0.229836998649941,0.0469133496856491,-0.0551797253333531,0.250219037528718,-0.0522930674214116,0.133571004347867,0.168208371024932,0.0597814499292208,1,0.629836657297773,0.578877689817738,0.64724243527441,0.672736647552089,0.418470149504546,0.284854346109324,0.31751669308563,0.367078569585113
"c2",0.0420852162504943,0.159527984979285,-0.173984090963206,-0.176348589888023,0.295904182012533,-0.189082306533604,0.0507444261102047,0.404213810799618,0.297939785765562,0.0500626174321759,0.158910431540932,-0.147602480923349,0.192793138290424,0.381523796858258,0.261018448831937,0.629836657297773,1,0.622154430697553,0.440415164636028,0.617703835682483,0.522036897663874,0.100503781525921,0.0491829714750504,0.518058226800174
"c3",0.0157101022542658,-0.0795812905813192,-0.256608712367661,-0.253344348751902,0.241837955879084,-0.0969625556944828,0.178231908935383,0.369604410512093,0.27443583881356,0.186880075486469,0.275029542677989,-0.0525944260160909,0.142628012359708,0.129472756708319,0.346261127141527,0.578877689817738,0.622154430697553,1,0.557976355541201,0.669043860280017,0.370418880197913,0.255799934910862,0.188603596845947,0.490500598388127
"c4",-0.0296559479099268,0.064637860267209,-0.176827458612946,-0.0552295774214151,0.169416895748801,-0.0592175752261383,0.16537974936968,0.138461471580032,-0.0187453142570804,4.78097073616925e-21,0.0513234801709533,0.0195019112809629,0.0101890826089048,0.084014432902946,0.125407072489482,0.64724243527441,0.440415164636028,0.557976355541201,1,0.661978932121789,0.418023574964939,0.486897284360101,0.242602376570102,0.492827110374054
"c5",0.341850023470461,0.0931212905682796,-0.208741051421268,-0.219677920788575,0.370893413270448,-0.21282984472113,0.157508758905093,0.273959295666304,0.289203433309694,0.123695483248639,0.161963312103107,-0.0581238193719096,0.204833184946244,0.329936197812887,0.293149267322508,0.672736647552089,0.617703835682483,0.669043860280017,0.661978932121789,1,0.732873168306271,0.419050606606802,0.271905565667087,0.66721366467578
"c6",0.419427954824861,0.299806179728958,-0.198166069285748,-0.200859208958274,0.428311226009043,-0.167504384228249,0.0866960600082708,0.300535836902669,0.375709278311883,0.178190001090181,0.2036219940525,0.0315220668662931,0.274486723101859,0.467143007441649,0.310810810810811,0.418470149504546,0.522036897663874,0.370418880197913,0.418023574964939,0.732873168306271,1,0.515127426328928,0.448151142051948,0.354037757927578
"c7",0.114202531246792,0.0577193966986625,-0.24211466400672,-0.0886185007525507,0.178436935569564,0.114020920957624,0.183600241755777,0.223437590917007,0.0962488129386273,0.226416706425863,0.50308962775406,0.233645068052617,0.156949159548543,0.17255062946872,0.279027355928169,0.284854346109324,0.100503781525921,0.255799934910862,0.486897284360101,0.419050606606802,0.515127426328928,1,0.800778088427702,0.140580389278883
"c8",0.177595359973694,-0.00988603602173263,-0.116507589321785,0.0156120257990304,0.13607472891958,0.224431063153453,0.172956283169393,0.102715587686292,0.0502407908043095,0.206827175951178,0.459562408628058,0.287477332912431,0.246914910526052,0.0788107908753171,0.217073209431412,0.31751669308563,0.0491829714750504,0.188603596845947,0.242602376570102,0.271905565667087,0.448151142051948,0.800778088427702,1,0.0412770216456277
"c9",0.32573073202818,0.251405436041101,0.0312001925731749,-0.0237532978217861,0.292028110067902,-0.0156729031107337,0.238963077762764,0.324579749610037,0.178605181795163,0.140050894405798,-0.0543344052135362,0.0481740081092278,0.15101564389931,0.337984136277005,0.24340095857521,0.367078569585113,0.518058226800174,0.490500598388127,0.492827110374054,0.66721366467578,0.354037757927578,0.140580389278883,0.0412770216456277,1
